 0.,  8.,  8.,  8.,  8.,  8.,  8.,  8.,  8.
 0.,  8.,  8.,  8.,  8.,  8.,  8.,  8.,  8.
 0.,  8.,  8.,  8.,  8.,  8.,  8.,  8.,  8.
 0.,  8.,  8.,  8.,  8.,  8.,  8.,  8.,  8.
 0.,  8.,  8.,  8.,  8.,  8.,  8.,  8.,  8.
 6.,  4.,  2.,  2.,  4.,  4.,  4.,  2.,  2.,  4.,  4.,  4.,  2., 2., 4., 4., 4.
 6.,  4.,  1.,  1.,  1.,  1.,  4.,  4.,  4.,  1.,  1.,  1.,  1.,  4.,  4.,  4.,  1.,  1.,  1.,  1., 4., 4., 4.
 6.,  4.,  1.,  1.,  1.,  1.,  4.,  4.,  4.,  1.,  1.,  1.,  1.,  4.,  4.,  4.,  1.,  1.,  1.,  1., 4., 4., 4.

0., 1.,  1.,  1.,  1.,  1.,  1.,  1.,  1.,  1.,  1.
